SCD 1                   
1 22490U 93009B   17197.95891185  .00000239  00000-0  15633-4 0  9995
2 22490  24.9698 120.4745 0042753 289.1922 146.7259 14.44490854289639
TECHSAT 1B (GO-32)      
1 25397U 98043D   17197.85435448 -.00000013  00000-0  13113-4 0  9994
2 25397  98.6110 139.5680 0000197 328.0116  32.1050 14.23624890987793
SCD 2                   
1 25504U 98060A   17197.72650914  .00000219  00000-0  11075-4 0  9998
2 25504  24.9966 325.2418 0017124 321.1670 177.7487 14.44011163989219
LANDSAT 7               
1 25682U 99020A   17197.79108828  .00000040  00000-0  18879-4 0  9992
2 25682  98.2081 268.5388 0000663  83.4910 276.6365 14.57112206970902
DLR-TUBSAT              
1 25757U 99029B   17197.86947237  .00000067  00000-0  28292-4 0  9996
2 25757  98.4114 109.8048 0013893 205.4779 154.5733 14.51362837960770
QUIKSCAT                
1 25789U 99034A   17197.55677978 -.00000008  00000-0  14532-4 0  9993
2 25789  98.6061  25.7092 0000739  40.7579 319.3657 14.27280490941385
TERRA                   
1 25994U 99068A   17197.80153957  .00000101  00000-0  32397-4 0  9994
2 25994  98.2064 272.4240 0000924  80.8854 279.2410 14.57101985934988
MAROC-TUBSAT            
1 27004U 01056D   17197.94819022 -.00000041  00000-0  25438-5 0  9998
2 27004  99.3618 336.9690 0018980 258.8013 213.1796 13.70123405780123
AQUA                    
1 27424U 02022A   17197.97074383  .00000123  00000-0  37421-4 0  9998
2 27424  98.2054 138.8192 0002541  50.2007  16.9428 14.57115380808569
IRS-P6 (RESOURCESAT-1)  
1 28051U 03046A   17194.79875971 -.00000046  00000-0 -45520-6 0  9998
2 28051  98.5883 270.0224 0057426 317.5457  42.1293 14.33995523713075
SHIYAN 1 (SY-1)         
1 28220U 04012A   17197.87239508  .00000485  00000-0  44605-4 0  9998
2 28220  97.6972 153.6020 0009855  49.2677 310.9401 14.99213735720871
FORMOSAT-2 (ROCSAT 2)   
1 28254U 04018A   17197.89203553  .00000330  00000-0  25043-3 0  9997
2 28254  98.8614 256.6239 0001487  68.1459  19.2639 14.00642796672751
AURA                    
1 28376U 04026A   17197.89486295  .00000140  00000-0  41188-4 0  9995
2 28376  98.2047 140.9126 0001643  59.4969 300.6391 14.57118096691603
IRS-P5 (CARTOSAT-1)     
1 28649U 05017A   17197.76697630  .00000100  00000-0  18593-4 0  9992
2 28649  97.8596 271.7059 0001398 353.8758   6.2438 14.83456925660367
SINAH 1                 
1 28893U 05043D   17197.93839468  .00000018  00000-0  12494-4 0  9990
2 28893  97.8781 354.6289 0016486  62.0739 298.2130 14.61438214624541
EROS B                  
1 29079U 06014A   17197.84620646  .00002519  00000-0  85739-4 0  9992
2 29079  97.3566 318.0629 0003807 357.6128 118.8886 15.31344235622881
RESURS-DK 1             
1 29228U 06021A   17197.93978710  .00000189  00000-0  21784-4 0  9995
2 29228  69.9353  22.3810 0007521 286.0695  73.9637 15.02172209612561
ARIRANG-2 (KOMPSAT-2)   
1 29268U 06031A   17197.94572631  .00000123  00000-0  33738-4 0  9993
2 29268  98.0970  96.5768 0016601 271.2663  88.6636 14.62270283585341
LAPAN-TUBSAT            
1 29709U 07001A   17197.76519603  .00000020  00000-0  88505-5 0  9990
2 29709  97.7062 171.4791 0013177   2.8201 357.3084 14.82063316568364
CARTOSAT-2 (IRS-P7)     
1 29710U 07001B   17197.89464021  .00000176  00000-0  30953-4 0  9994
2 29710  97.9225 258.4886 0002581  79.3231 280.8245 14.78686983567587
HAIYANG-1B              
1 31113U 07010A   17197.87448758  .00000009  00000-0  20015-4 0  9994
2 31113  98.5561 252.4433 0014813 114.8734 245.3988 14.30175968535717
COSMO-SKYMED 1          
1 31598U 07023A   17197.94564638  .00000267  00000-0  40108-4 0  9990
2 31598  97.8882  21.2167 0001494  93.2421 266.8970 14.82154995546852
TERRASAR-X              
1 31698U 07026A   17196.84235113 -.00000281  00000-0 -10174-4 0  9993
2 31698  97.4456 204.0964 0001613  86.5039  36.5064 15.19155169559221
WORLDVIEW-1 (WV-1)      
1 32060U 07041A   17197.81883708  .00000678  00000-0  30362-4 0  9990
2 32060  97.3902 317.4217 0001824  49.9219 108.6068 15.24597576546765
YAOGAN 3                
1 32289U 07055A   17197.90468899  .00000154  00000-0  26826-4 0  9997
2 32289  98.0003 199.7838 0001212  93.4243 266.7120 14.80822516523137
COSMO-SKYMED 2          
1 32376U 07059A   17197.91188023 -.00000269  00000-0 -27184-4 0  9994
2 32376  97.8881  21.1841 0001495  84.2267 275.9124 14.82152423519590
RADARSAT-2              
1 32382U 07061A   17197.91840520  .00000069  00000-0  43665-4 0  9999
2 32382  98.5759 205.0888 0001242  91.8674  21.9471 14.29983822500544
CARTOSAT-2A             
1 32783U 08021A   17197.93982997  .00000217  00000-0  36640-4 0  9998
2 32783  97.9241 258.6161 0012268 216.9971 143.0400 14.78668643497533
JASON-2 (OSTM)          
1 33105U 08032A   17197.92291385 -.00000072  00000-0 -40376-4 0  9994
2 33105  66.0419  59.5819 0007975 268.5461 217.7849 12.87626883424354
RAPIDEYE 2              
1 33312U 08040A   17197.88895712  .00000042  00000-0  12396-4 0  9998
2 33312  97.8175 278.0642 0011234 253.8229 106.1736 14.79846044479766
RAPIDEYE 5              
1 33313U 08040B   17197.84459888  .00000041  00000-0  12293-4 0  9990
2 33313  97.8296 276.0364 0017725 126.7018 233.5817 14.79843118479703
RAPIDEYE 1              
1 33314U 08040C   17197.83284236  .00000029  00000-0  10723-4 0  9995
2 33314  97.8198 277.6416 0022614 268.7044  91.1562 14.79841057479748
RAPIDEYE 3              
1 33315U 08040D   17197.86901993  .00000062  00000-0  15039-4 0  9997
2 33315  97.8325 275.7440 0011308 199.7816 160.2955 14.79848419479715
RAPIDEYE 4              
1 33316U 08040E   17197.85597355  .00000074  00000-0  16532-4 0  9992
2 33316  97.8358 275.3137 0011866 143.8348 216.3662 14.79844522479708
HUANJING 1A (HJ-1A)     
1 33320U 08041A   17197.92384732  .00000092  00000-0  20507-4 0  9996
2 33320  97.9338 262.1740 0024907 291.1654  68.6887 14.76799200477178
HUANJING 1B (HJ-1B)     
1 33321U 08041B   17197.92842922  .00000097  00000-0  21162-4 0  9990
2 33321  97.9387 263.4083 0033701 307.5527  52.2600 14.76876059477169
GEOEYE 1                
1 33331U 08042A   17197.85176863 -.00000011  00000-0  69749-5 0  9999
2 33331  98.1084 272.5962 0009926 167.2034 192.9403 14.64158541473446
THEOS                   
1 33396U 08049A   17197.83621309 -.00000004  00000-0  18273-4 0  9992
2 33396  98.6751 264.4707 0001117  90.1968  45.0214 14.20055674455683
COSMO-SKYMED 3          
1 33412U 08054A   17197.89921017  .00000122  00000-0  21885-4 0  9995
2 33412  97.8881  21.1713 0001410  88.0539 272.0833 14.82159158472057
YAOGAN 4                
1 33446U 08061A   17197.92684620  .00000124  00000-0  24463-4 0  9997
2 33446  97.5946 193.2022 0015299 199.5508 160.5118 14.76671702464416
GOSAT (IBUKI)           
1 33492U 09002A   17197.88989809 -.00000033  00000-0  28103-5 0  9992
2 33492  98.1263 309.2802 0001442  95.0119 265.1243 14.67520448454188
YAOGAN 6                
1 34839U 09021A   17197.91326906  .00000796  00000-0  33663-4 0  9997
2 34839  97.1417 247.1605 0027806 212.6801 147.2719 15.25689538457094
DEIMOS-1                
1 35681U 09041A   17197.91394919  .00000075  00000-0  19766-4 0  9992
2 35681  97.9487  89.5211 0000908 162.5436 197.5799 14.71667326427518
DUBAISAT-1              
1 35682U 09041B   17197.86018922  .00000065  00000-0  19060-4 0  9990
2 35682  97.7950  57.0122 0012937  62.1180 298.1347 14.68590604426560
OCEANSAT-2              
1 35931U 09051A   17197.82217315  .00000061  00000-0  26681-4 0  9994
2 35931  98.3102 292.0384 0003762  97.0383 263.1240 14.50840399413652
WORLDVIEW-2 (WV-2)      
1 35946U 09055A   17197.80007560  .00000107  00000-0  50111-4 0  9997
2 35946  98.5026 273.7801 0000800 312.2227  47.8885 14.37643403407763
SMOS                    
1 36036U 09059A   17197.55247356  .00000093  00000-0  43464-4 0  9990
2 36036  98.4452  24.8267 0001233  89.5795 270.5534 14.39752213404835
YAOGAN 7                
1 36110U 09069A   17197.90204285 -.00000267  00000-0 -31450-4 0  9994
2 36110  98.2179 357.1910 0024969  21.9038 338.3238 14.75056847409277
TANDEM-X                
1 36605U 10030A   17197.01747280  .00002760  00000-0  13455-3 0  9994
2 36605  97.4461 204.2718 0001416  91.2783 268.8613 15.19160963391995
CARTOSAT-2B             
1 36795U 10035A   17197.90934645  .00000037  00000-0  12159-4 0  9996
2 36795  97.9217 258.4175 0013191 296.9966  62.9878 14.78674860378572
YAOGAN 10               
1 36834U 10038A   17197.92743137  .00000017  00000-0  89661-5 0  9990
2 36834  97.9331 194.0450 0001195  92.9451 267.1902 14.80832296374887
COSMO-SKYMED 4          
1 37216U 10060A   17197.72624818 -.00000003  00000-0  61600-5 0  9991
2 37216  97.8872  21.0008 0001424  80.3622 279.7753 14.82153565362118
HAIYANG 2A              
1 37781U 11043A   17197.83430962  .00000039  00000-0  81233-4 0  9998
2 37781  99.3298 208.4855 0000193 342.5126  17.5993 13.78716299298068
RASAT                   
1 37791U 11044D   17197.78043704  .00000049  00000-0  18299-4 0  9991
2 37791  98.1365 289.3572 0022774  31.0299 329.2253 14.64610018316101
MEGHA-TROPIQUES         
1 37838U 11058A   17197.70489945  .00000272  00000-0  46995-5 0  9994
2 37838  19.9787 328.3840 0009664  25.5955 334.4927 14.09683357297271
SRMSAT                  
1 37841U 11058D   17197.72227757  .00000297  00000-0  18136-4 0  9993
2 37841  19.9726 313.6897 0011992  45.8750 103.1215 14.10578435297466
YAOGAN 13               
1 37941U 11072A   17197.78014704  .00000777  00000-0  41776-4 0  9991
2 37941  97.4853 125.4367 0000812 124.8059 319.3229 15.17793208312154
PLEIADES 1A             
1 38012U 11076F   17197.77328532  .00000009  00000-0  11687-4 0  9997
2 38012  98.1974 272.5530 0001360  93.7447 266.3906 14.58547834297179
ZIYUAN 1-02C (ZY 1-02C) 
1 38038U 11079A   17197.89786997  .00000039  00000-0  28069-4 0  9999
2 38038  98.3412 260.8536 0001705  68.7463 291.3899 14.35450372291768
ZIYUAN 3 (ZY 3)         
1 38046U 12001A   17197.91533877  .00000615  00000-0  30686-4 0  9992
2 38046  97.5341 264.9892 0001457   5.7216  80.4144 15.21268440306474
RISAT-1                 
1 38248U 12017A   17197.92956885 -.00000060  00000-0  19796-6 0  9998
2 38248  97.5728 205.2167 0003287 320.7747 126.8374 15.09121442287724
ARIRANG-3 (KOMPSAT-3)   
1 38338U 12025B   17197.84730879  .00000040  00000-0  17558-4 0  9990
2 38338  98.1402 135.5422 0008837 235.3612 124.6756 14.61577069275518
KANOPUS-V 1             
1 38707U 12039A   17197.84074579  .00000222  00000-0  13376-4 0  9999
2 38707  97.4513 115.5248 0001943  69.2478  16.4449 15.20209420276564
EXACTVIEW-1 (ADS-1B)    
1 38709U 12039C   17197.92100412 -.00000025  00000-0  97932-5 0  9999
2 38709  99.1004 175.4555 0011168 161.8059 198.3520 14.23946294259065
SPOT 6                  
1 38755U 12047A   17197.78884753 -.00000232  00000-0 -40161-4 0  9992
2 38755  98.2176 264.8249 0001518  82.3450 277.7982 14.58531952258252
PLEIADES 1B             
1 39019U 12068A   17197.87632424  .00000006  00000-0  11120-4 0  9995
2 39019  98.2005 272.6910 0001367  84.4236 275.7110 14.58558570246046
GOKTURK 2               
1 39030U 12073A   17197.94874978  .00000039  00000-0  13827-4 0  9996
2 39030  97.9912  90.2999 0001739  25.8469 334.2829 14.72652478244935
LANDSAT 8               
1 39084U 13008A   17197.75479295 -.00000024  00000-0  47242-5 0  9990
2 39084  98.2217 267.8276 0001455  96.3663 263.7701 14.57101773235362
SARAL                   
1 39086U 13009A   17197.93775226 -.00000010  00000-0  12415-4 0  9994
2 39086  98.5408  25.0680 0001863 122.2823 237.8541 14.32005965229368
GAOFEN 1                
1 39150U 13018A   17197.93292358  .00000033  00000-0  12181-4 0  9990
2 39150  97.9518 281.1994 0018055 324.1669  35.8324 14.76507148227631
VNREDSAT 1              
1 39160U 13021B   17197.80629877  .00000054  00000-0  19592-4 0  9997
2 39160  98.0809 272.9825 0001393  94.2124 265.9232 14.62967876223932
ARIRANG-5 (KOMPSAT-5)   
1 39227U 13042A   17197.74039226 -.00001559  00000-0 -10709-3 0  9993
2 39227  97.6089  22.2695 0001470  61.7008  67.5647 15.04508665214130
YAOGAN 18               
1 39363U 13059A   17197.93392457  .00000544  00000-0  29800-4 0  9995
2 39363  97.3893 265.7323 0002381  96.9665  15.3882 15.18212152205831
SKYSAT-1                
1 39418U 13066C   17197.79426652  .00000804  00000-0  71961-4 0  9997
2 39418  97.7016 280.5680 0020766 180.6531 179.4629 14.98497197199513
DUBAISAT-2              
1 39419U 13066D   17197.80300231 -.00000300  00000-0 -23095-4 0  9992
2 39419  97.6771 269.8431 0014011 163.3991 196.7694 14.93644933198924
GPM-CORE                
1 39574U 14009C   17197.95297513  .00003231  00000-0  51356-4 0  9991
2 39574  65.0077 178.6109 0010983 282.6016  77.3902 15.55442012192147
SENTINEL-1A             
1 39634U 14016A   17196.23588635 -.00000046  00000-0 -28150-7 0  9996
2 39634  98.1819 203.4780 0001347  80.9935 279.1423 14.59197368174784
KAZEOSAT 1              
1 39731U 14024A   17197.90935296  .00000002  00000-0  13931-4 0  9995
2 39731  98.4184 276.6069 0001074  91.0186 269.1119 14.42012894169170
ALOS-2                  
1 39766U 14029A   17197.87341385  .00000095  00000-0  19549-4 0  9997
2 39766  97.9222 294.7714 0001552  84.3361 275.8015 14.79474291169996
KAZEOSAT 2              
1 40010U 14033A   17197.89963760  .00000037  00000-0  11290-4 0  9996
2 40010  97.8928  99.1897 0016829 175.1073 185.0310 14.82109945166344
HODOYOSHI-4             
1 40011U 14033B   17197.95308828  .00000105  00000-0  20322-4 0  9994
2 40011  97.8831  95.6936 0026657 171.1765 188.9922 14.80883402166163
DEIMOS-2                
1 40013U 14033D   17197.89518916 -.00000264  00000-0 -24766-4 0  9994
2 40013  97.8828 101.6211 0000832 111.0689 249.0613 14.84851816166614
HODOYOSHI-3             
1 40015U 14033F   17197.69059673 -.00000006  00000-0  63738-5 0  9990
2 40015  97.8715  90.2167 0037028 178.9153 181.2145 14.78257738165813
SPOT 7                  
1 40053U 14034A   17197.89069770 -.00000046  00000-0  00000-0 0  9996
2 40053  98.2306 264.5341 0001446  73.5520 286.5838 14.58531453162204
SKYSAT-2                
1 40072U 14037D   17197.79171786  .00000056  00000-0  14589-4 0  9991
2 40072  98.3395 310.0905 0006036 326.4581  33.6234 14.80994413163367
WORLDVIEW-3 (WV-3)      
1 40115U 14048A   17197.77355114  .00000044  00000-0  11435-4 0  9992
2 40115  97.8698 277.6215 0000993  94.3629 265.7696 14.84849884158490
YAOGAN 21               
1 40143U 14053A   17197.92607881  .00000822  00000-0  35981-4 0  9993
2 40143  97.3097 270.2833 0011794  89.0551  22.5087 15.24745372158934
YAOGAN 22               
1 40275U 14063A   17197.87717325 -.00000044  00000-0  00000-0 0  9996
2 40275 100.4154 310.6879 0006140  11.3195 348.8055 13.15320667131541
ASNARO                  
1 40298U 14070A   17197.79094134 -.00030854  00000-0 -14583-2 0  9992
2 40298  97.4062 279.2100 0002206  75.5956  73.1793 15.19482132149359
HODOYOSHI-1             
1 40299U 14070B   17197.77503091  .00000538  00000-0  26367-4 0  9997
2 40299  97.4028 280.0664 0013349 356.2258 117.5798 15.22294769149440
CHUBUSAT-1              
1 40300U 14070C   17197.89428362  .00000541  00000-0  27509-4 0  9993
2 40300  97.3949 277.2443 0020679   2.5622  87.4188 15.20899183149309
QSAT-EOS                
1 40301U 14070D   17197.89067308  .00001282  00000-0  56550-4 0  9994
2 40301  97.3882 277.3740 0027686 356.6202  93.6343 15.23281363149354
TSUBAME                 
1 40302U 14070E   17197.95657407  .00000654  00000-0  36416-4 0  9998
2 40302  97.3749 269.2069 0040391  21.2779 336.5478 15.16409810148856
YAOGAN 23               
1 40305U 14071A   17197.81741104 -.00009787  00000-0 -48121-3 0  9998
2 40305  97.4293 135.2667 0002083 130.9853 313.4563 15.17849293147927
YAOGAN 24               
1 40310U 14072A   17197.88488423  .00000027  00000-0  11169-4 0  9993
2 40310  98.0065 317.9041 0016591 339.3539  20.6995 14.77123253143116
CBERS 4                 
1 40336U 14079A   17197.83362125 -.00000014  00000-0  10136-4 0  9993
2 40336  98.4519 271.9245 0001168  69.2412 290.8892 14.35469052136663
RESURS P2               
1 40360U 14087A   17197.89532635  .00000660  00000-0  23886-4 0  9992
2 40360  97.2769 291.0700 0011806  49.7535  54.8716 15.31849999142931
YAOGAN 26               
1 40362U 14088A   17197.93045519  .00001008  00000-0  41366-4 0  9990
2 40362  97.3539 276.3719 0008356 164.2894 306.5093 15.26505150142298
SMAP                    
1 40376U 15003A   17197.65344883  .00000009  00000-0  10790-4 0  9995
2 40376  98.1220 204.9268 0002042  75.5263 284.6165 14.63364586131206
KOMPSAT-3A              
1 40536U 15014A   17197.93047755  .00000036  00000-0  58113-5 0  9996
2 40536  97.4820 137.0931 0008963 231.6264 198.5052 15.12225792127549
SENTINEL-2A             
1 40697U 15028A   17197.82989712 -.00000000  00000-0  16510-4 0  9991
2 40697  98.5668 272.3699 0001081  80.9513 279.1788 14.30816049107932
CARBONITE 1 (CBNT-1)    
1 40718U 15032D   17197.80444344  .00000029  00000-0  11962-4 0  9991
2 40718  97.9663  89.3641 0018127  45.9258 314.3449 14.74532195108610
YAOGAN 27               
1 40878U 15040A   17197.87667820 -.00000044  00000-0  00000-0 0  9995
2 40878 100.3940 258.1004 0009200 140.6227 219.5556 13.15955236 90720
LAPAN-A2                
1 40931U 15052B   17197.69486228  .00000673  00000-0  45962-5 0  9997
2 40931   6.0003  22.3215 0014203 301.9666  57.9149 14.76533667 97339
YAOGAN 28               
1 41026U 15064A   17197.82320971  .00001081  00000-0  39560-4 0  9993
2 41026  97.3205 325.2331 0008476 208.2623 304.4176 15.30181346 94288
YAOGAN 29               
1 41038U 15069A   17197.93448357  .00000019  00000-0  91932-5 0  9994
2 41038  97.9003 179.7181 0001876  93.7190 266.4239 14.80396210 88485
KENT RIDGE 1            
1 41167U 15077B   17197.57240888  .00000863  00000-0  12879-4 0  9994
2 41167  14.9841 327.0205 0011633  39.5110  48.9567 15.08711742 87381
TELEOS 1                
1 41169U 15077D   17197.70960578  .00001191  00000-0  32350-4 0  9997
2 41169  14.9832 323.7299 0010797  42.6753  85.1870 15.09405079 87426
JASON-3                 
1 41240U 16002A   17197.91351915 -.00000064  00000-0 -12273-4 0  9990
2 41240  66.0418  60.4059 0007945 269.9648  90.0457 12.80930134 69956
SENTINEL-3A             
1 41335U 16011A   17197.89416891 -.00000014  00000-0  12129-4 0  9991
2 41335  98.6228 264.9173 0001305  87.7652 272.3678 14.26737129 73590
SENTINEL-1B             
1 41456U 16025A   17197.91540292 -.00000014  00000-0  68065-5 0  9997
2 41456  98.1820 204.9590 0001350  75.9832 284.1530 14.59197477 65190
ZIYUAN 3-2 (ZY 3-2)     
1 41556U 16033A   17197.90925594  .00000643  00000-0  31845-4 0  9990
2 41556  97.4619 274.4303 0002249  84.4127   3.9057 15.21314194 62761
NUSAT-1 (FRESCO)        
1 41557U 16033B   17197.76275411  .00001525  00000-0  60073-4 0  9996
2 41557  97.4625 277.2802 0012598 262.2592  97.7217 15.27121140 62946
NUSAT-2 (BATATA)        
1 41558U 16033C   17197.92952460  .00001889  00000-0  74107-4 0  9997
2 41558  97.4651 277.5051 0011993 260.3182  99.6702 15.26958263 62962
CARTOSAT-2C             
1 41599U 16040A   17197.91146069  .00000411  00000-0  22735-4 0  9999
2 41599  97.4559 259.3008 0013409 338.8135 125.2306 15.19247376 59169
SKYSAT-C1               
1 41601U 16040C   17197.96840336  .00000247  00000-0  13968-4 0  9991
2 41601  97.6101 263.6824 0001786 115.3893 244.7531 15.22071663 59273
LAPAN-A3                
1 41603U 16040E   17197.81619193  .00000243  00000-0  14738-4 0  9994
2 41603  97.4584 259.4438 0013114 338.1470 133.8109 15.19366120 59153
BIROS                   
1 41604U 16040F   17197.80043171  .00000647  00000-0  32489-4 0  9992
2 41604  97.4598 259.8900 0011589 332.1302  27.9311 15.20808001 59181
3CAT-2                  
1 41732U 16051B   17197.83627821  .00000908  00000-0  39247-4 0  9998
2 41732  97.3751 114.3855 0014165 162.2579 238.8465 15.24943092 51053
SKYSAT-C4               
1 41771U 16058B   17197.76557369  .00000671  00000-0  32159-4 0  9991
2 41771  97.3938 270.2203 0002448  42.6530 317.4890 15.22264241 46185
SKYSAT-C5               
1 41772U 16058C   17197.90901133  .00000136  00000-0  88884-5 0  9993
2 41772  97.3910 270.1561 0002411  57.3497 302.7931 15.22217917 46199
SKYSAT-C2               
1 41773U 16058D   17197.93694337  .00000507  00000-0  25017-4 0  9992
2 41773  97.3940 270.4507 0001641  80.7229 279.4188 15.22272965 46203
SKYSAT-C3               
1 41774U 16058E   17197.75269557  .00000509  00000-0  25102-4 0  9992
2 41774  97.3943 270.2409 0001367  58.5317 301.6047 15.22254348 46175
PATHFINDER 1            
1 41787U 16059E   17197.71046022  .00000052  00000-0  19348-4 0  9991
2 41787  98.1651 259.0876 0031542  67.4032 293.0505 14.63524683 42904
WORLDVIEW-4 (WV-4)      
1 41848U 16067A   17197.78846648  .00000117  00000-0  20161-4 0  9994
2 41848  97.9455 271.7065 0001153  19.5378 340.5880 14.84753102 36650
GOKTURK 1A              
1 41875U 16073A   17197.85248001 -.00001120  00000-0 -21055-3 0  9997
2 41875  98.1507  92.3753 0001447  81.8285 278.3075 14.62759708 32639
RESOURCESAT-2A          
1 41877U 16074A   17197.82973392 -.00000101  00000-0 -26025-4 0  9996
2 41877  98.7064 272.9818 0000970 117.1054 243.0218 14.21629557 31494
ZHUHAI-1 02 (CAS 4B)    
1 42759U 17034B   17197.95779339  .00000177  00000-0  24634-4 0  9997
2 42759  43.0181 123.1325 0007315 183.7670 219.9265 15.08915756  4804
NUSAT-3 (MILANESAT)     
1 42760U 17034C   17197.82900263  .00000197  00000-0  25993-4 0  9998
2 42760  43.0165 123.9029 0006809 192.3963 203.8890 15.08680959  4793
ZHUHAI-1 01 (CAS 4A)    
1 42761U 17034D   17197.95618267  .00000163  00000-0  23767-4 0  9993
2 42761  43.0183 123.1225 0007562 183.9975 219.3462 15.08989302  4791
CARTOSAT-2E             
1 42767U 17036C   17197.87048045  .00000822  00000-0  43769-4 0  9999
2 42767  97.4474 257.2618 0014109 131.5846 228.6600 15.17910509  3596
